135 279
742 743
275 498
353 905
507 508
323 332
238 239
353 623
34 38
742 832
481 482
73 93
264 265
347 363
480 601
517 580
552 572
177 975
147 148
996 998
495 741
146 352
147 353
213 234
312 313
187 352
940 942
353 475
832 848
785 899
337 611
9 367
353 477
137 353
353 670
819 974
153 552
550 778
148 476
664 846
171 183
350 448
495 496
385 832
425 879
491 728
337 610
138 152
187 741
549 832
26 263
137 406
146 413
982 984
353 742
484 920
353 476
631 942
146 187
235 236
385 741
484 918
918 920
547 620
137 710
73 101
269 653
453 677
350 402
152 153
505 508
385 743
917 919
352 743
598 806
319 320
0 1
550 986
271 272
352 741
259 631
798 855
187 848
681 767
821 822
481 604
742 848
917 918
353 632
351 352
492 728
187 495
437 550
358 359
187 742
275 276
215 217
177 942
352 448
187 832
763 764
481 483
352 848
214 234
133 264
286 287
9 52
182 183
544 545
353 355
275 353
146 353
495 742
481 605
259 975
754 767
318 319
966 967
583 584
651 879
505 507
71 97
875 876
269 484
941 958
536 664
146 741
10 34
941 942
629 699
495 632
385 495
727 823
380 381
254 325
237 239
133 702
675 974
632 743
188 199
352 413
231 406
476 891
268 749
147 623
259 872
121 303
413 743
999 0
741 832
480 600
413 741
353 385
350 351
505 506
258 370
359 797
9 368
480 832
95 137
385 632
660 701
549 622
635 636
246 350
171 182
122 293
273 406
237 238
667 668
259 942
157 158
353 741
600 601
833 954
177 259
754 755
258 259
93 101
352 402
350 352
996 997
632 832
267 313
199 367
187 385
677 976
600 974
437 632
146 832
73 205
353 848
264 473
353 832
352 742
147 214
610 611
137 231
317 319
270 272
146 848
982 983
495 848
187 353
337 437
148 299
246 402
482 605
997 998
317 956
545 546
28 363
146 743
547 651
482 483
631 975
146 495
180 620
351 402
231 250
432 924
187 632
750 892
942 975
147 234
879 985
177 631
759 798
413 832
999 1
495 743
491 492
222 675
741 848
727 824
912 913
187 413
482 604
432 476
246 352
617 683
604 605
413 632
137 833
634 678
741 743
484 917
483 605
942 958
353 495
623 670
472 473
308 319
246 448
565 566
257 367
413 477
269 482
180 547
215 216
413 742
275 758
335 358
352 353
437 986
506 508
146 632
355 385
634 974
246 285
413 848
353 743
917 920
632 742
498 700
540 541
511 660
10 104
956 957
918 919
308 318
138 153
759 855
146 742
337 528
153 572
147 670
26 137
352 385
884 952
353 756
134 671
413 495
28 347
473 702
632 848
308 317
919 920
264 472
352 832
367 368
760 854
352 807
544 546
432 629
506 507
632 741
983 984
352 632
267 312
459 701
467 468
187 743
213 214
385 742
940 958
104 436
480 782
317 320
246 351
475 477
385 413
385 848
427 439
137 425
432 699
528 966
823 824
270 271
217 302
853 854
308 320
292 293
133 473
688 709
60 425
495 832
441 834
258 404
280 322
317 318
353 413
352 495
940 941
351 448
3 10
733 807
133 472
741 742
528 967
280 281
275 700
571 623
832 974
281 322
148 353
476 699
151 335
675 819
146 385
413 475
743 848
9 60
147 213
337 632
542 696
402 448
60 273
563 754
681 707
528 885
318 320
472 702
483 604
484 919
760 853
