0.0 0.0 0.0 0.0 0.0 1
0.0 0.0 0.0 0.0 0.0 1
0.0 0.0 0.0 0.0 0.0 1
0.0 0.0 0.0 0.0 0.0 1
0.0 0.0 0.0 0.0 0.0 1
0.0 0.0 0.0 0.0 0.0 1
0.0 0.0 0.0 0.0 0.0 1
0.0 0.0 0.0 0.0 0.0 1
0.0 0.0 0.0 0.0 0.0 1
0.0 0.0 0.0 0.0 0.0 1
0.0 0.0 0.0 0.0 0.0 1
0.0 0.0 0.0 0.0 0.0 1
0.0 0.0 0.0 0.0 0.0 1
0.0 0.0 0.0 0.0 0.0 1
0.0 0.0 0.0 0.0 0.0 1
0.0 0.0 0.0 0.0 0.0 1
0.0 0.0 0.0 0.0 0.0 1
0.0 0.0 0.0 0.0 0.0 1
0.0 0.0 0.0 0.0 0.0 1
0.0 0.0 0.0 0.0 0.0 1
0.0 0.0 0.0 0.0 0.0 1
0.0 0.0 0.0 0.0 0.0 1
0.0 0.0 0.0 0.0 0.0 1
0.0 0.0 0.0 0.0 0.0 1
0.0 0.0 0.0 0.0 0.0 1
0.0 0.0 0.0 0.0 0.0 1
0.0 0.0 0.0 0.0 0.0 1
0.0 0.0 0.0 1.0 0.0 1
0.0 0.0 0.0 0.0 0.0 1
0.0 0.0 0.0 0.0 0.0 1
0.0 0.0 0.0 0.0 0.0 1
0.0 0.0 0.0 0.0 0.0 1
0.0 0.0 0.0 0.0 0.0 1
0.0 0.0 0.0 0.0 0.0 1
0.0 0.0 0.0 0.0 0.0 1
0.0 0.0 0.0 0.0 0.0 1
0.0 0.0 0.0 0.0 0.0 1
0.0 0.0 0.0 0.0 0.0 1
0.0 0.0 0.0 0.0 0.0 1
0.0 0.0 0.0 0.0 0.0 1
0.0 0.0 0.0 7.0 0.0 1
2.0 0.09090909090909091 1.4426950408889634 119.0 0.5 1
0.0 0.0 0.0 0.0 0.0 1
0.0 0.0 0.0 0.0 0.0 1
0.0 0.0 0.0 0.0 0.0 1
0.0 0.0 0.0 0.0 0.0 1
0.0 0.0 0.0 0.0 0.0 1
0.0 0.0 0.0 21.0 0.0 1
0.0 0.0 0.0 7.0 0.0 1
0.0 0.0 0.0 0.0 0.0 1
0.0 0.0 0.0 7.0 0.0 1
0.0 0.0 0.0 0.0 0.0 1
0.0 0.0 0.0 0.0 0.0 1
0.0 0.0 0.0 3.0 0.0 1
0.0 0.0 0.0 6.0 0.0 1
0.0 0.0 0.0 3.0 0.0 1
0.0 0.0 0.0 0.0 0.0 1
0.0 0.0 0.0 0.0 0.0 1
0.0 0.0 0.0 0.0 0.0 1
0.0 0.0 0.0 0.0 0.0 1
0.0 0.0 0.0 0.0 0.0 1
0.0 0.0 0.0 0.0 0.0 1
0.0 0.0 0.0 0.0 0.0 1
0.0 0.0 0.0 0.0 0.0 1
0.0 0.0 0.0 0.0 0.0 1
0.0 0.0 0.0 0.0 0.0 1
0.0 0.0 0.0 0.0 0.0 1
0.0 0.0 0.0 0.0 0.0 1
0.0 0.0 0.0 0.0 0.0 1
0.0 0.0 0.0 0.0 0.0 1
0.0 0.0 0.0 0.0 0.0 1
0.0 0.0 0.0 0.0 0.0 1
0.0 0.0 0.0 0.0 0.0 1
0.0 0.0 0.0 0.0 0.0 1
0.0 0.0 0.0 0.0 0.0 1
0.0 0.0 0.0 0.0 0.0 1
0.0 0.0 0.0 17.0 0.0 1
0.0 0.0 0.0 0.0 0.0 1
0.0 0.0 0.0 0.0 0.0 1
0.0 0.0 0.0 0.0 0.0 1
0.0 0.0 0.0 0.0 0.0 1
0.0 0.0 0.0 0.0 0.0 1
0.0 0.0 0.0 3.0 0.0 1
0.0 0.0 0.0 1.0 0.0 1
0.0 0.0 0.0 0.0 0.0 1
0.0 0.0 0.0 1.0 0.0 1
0.0 0.0 0.0 0.0 0.0 1
0.0 0.0 0.0 0.0 0.0 1
0.0 0.0 0.0 0.0 0.0 1
0.0 0.0 0.0 2.0 0.0 1
0.0 0.0 0.0 1.0 0.0 1
0.0 0.0 0.0 2.0 0.0 1
0.0 0.0 0.0 0.0 0.0 1
0.0 0.0 0.0 0.0 0.0 1
0.0 0.0 0.0 0.0 0.0 1
0.0 0.0 0.0 0.0 0.0 1
0.0 0.0 0.0 0.0 0.0 1
0.0 0.0 0.0 0.0 0.0 1
0.0 0.0 0.0 0.0 0.0 1
0.0 0.0 0.0 0.0 0.0 1
0.0 0.0 0.0 0.0 0.0 1
0.0 0.0 0.0 0.0 0.0 1
0.0 0.0 0.0 0.0 0.0 1
0.0 0.0 0.0 0.0 0.0 1
0.0 0.0 0.0 0.0 0.0 1
0.0 0.0 0.0 0.0 0.0 1
0.0 0.0 0.0 0.0 0.0 1
0.0 0.0 0.0 0.0 0.0 1
0.0 0.0 0.0 0.0 0.0 1
0.0 0.0 0.0 0.0 0.0 1
0.0 0.0 0.0 0.0 0.0 1
0.0 0.0 0.0 0.0 0.0 1
0.0 0.0 0.0 0.0 0.0 1
0.0 0.0 0.0 0.0 0.0 1
0.0 0.0 0.0 0.0 0.0 1
0.0 0.0 0.0 0.0 0.0 1
0.0 0.0 0.0 0.0 0.0 1
0.0 0.0 0.0 0.0 0.0 1
0.0 0.0 0.0 0.0 0.0 1
0.0 0.0 0.0 0.0 0.0 1
0.0 0.0 0.0 0.0 0.0 1
0.0 0.0 0.0 0.0 0.0 1
0.0 0.0 0.0 3.0 0.0 1
0.0 0.0 0.0 4.0 0.0 1
0.0 0.0 0.0 0.0 0.0 1
0.0 0.0 0.0 0.0 0.0 1
0.0 0.0 0.0 0.0 0.0 1
0.0 0.0 0.0 1.0 0.0 1
0.0 0.0 0.0 0.0 0.0 1
0.0 0.0 0.0 0.0 0.0 1
0.0 0.0 0.0 0.0 0.0 1
0.0 0.0 0.0 0.0 0.0 1
0.0 0.0 0.0 0.0 0.0 1
0.0 0.0 0.0 0.0 0.0 1
0.0 0.0 0.0 0.0 0.0 1
0.0 0.0 0.0 0.0 0.0 1
0.0 0.0 0.0 1.0 0.0 1
0.0 0.0 0.0 0.0 0.0 1
0.0 0.0 0.0 0.0 0.0 1
0.0 0.0 0.0 0.0 0.0 1
0.0 0.0 0.0 0.0 0.0 1
0.0 0.0 0.0 0.0 0.0 1
0.0 0.0 0.0 0.0 0.0 1
0.0 0.0 0.0 0.0 0.0 1
0.0 0.0 0.0 0.0 0.0 1
1.0 0.5 0.0 2.0 1.0 1
0.0 0.0 0.0 0.0 0.0 1
0.0 0.0 0.0 0.0 0.0 1
0.0 0.0 0.0 0.0 0.0 1
0.0 0.0 0.0 0.0 0.0 1
0.0 0.0 0.0 0.0 0.0 1
0.0 0.0 0.0 0.0 0.0 1
0.0 0.0 0.0 0.0 0.0 1
0.0 0.0 0.0 0.0 0.0 1
0.0 0.0 0.0 0.0 0.0 1
0.0 0.0 0.0 0.0 0.0 1
0.0 0.0 0.0 0.0 0.0 1
0.0 0.0 0.0 0.0 0.0 1
0.0 0.0 0.0 0.0 0.0 1
0.0 0.0 0.0 0.0 0.0 1
2.0 0.14285714285714285 1.4426950408889634 39.0 0.5 1
0.0 0.0 0.0 51.0 0.0 1
0.0 0.0 0.0 0.0 0.0 1
0.0 0.0 0.0 0.0 0.0 1
9.0 0.42857142857142855 0.45511961331341866 221.0 0.1111111111111111 1
0.0 0.0 0.0 0.0 0.0 1
0.0 0.0 0.0 0.0 0.0 1
0.0 0.0 0.0 0.0 0.0 1
0.0 0.0 0.0 0.0 0.0 1
0.0 0.0 0.0 0.0 0.0 1
0.0 0.0 0.0 0.0 0.0 1
0.0 0.0 0.0 0.0 0.0 1
0.0 0.0 0.0 0.0 0.0 1
0.0 0.0 0.0 0.0 0.0 1
3.0 0.17647058823529413 0.9102392266268373 51.0 0.3333333333333333 1
1.0 0.058823529411764705 0.0 17.0 1.0 1
0.0 0.0 0.0 0.0 0.0 1
0.0 0.0 0.0 0.0 0.0 1
0.0 0.0 0.0 17.0 0.0 1
0.0 0.0 0.0 0.0 0.0 1
0.0 0.0 0.0 0.0 0.0 1
0.0 0.0 0.0 0.0 0.0 1
0.0 0.0 0.0 0.0 0.0 1
0.0 0.0 0.0 0.0 0.0 1
0.0 0.0 0.0 0.0 0.0 1
0.0 0.0 0.0 0.0 0.0 1
0.0 0.0 0.0 0.0 0.0 1
0.0 0.0 0.0 0.0 0.0 1
0.0 0.0 0.0 0.0 0.0 1
0.0 0.0 0.0 0.0 0.0 1
0.0 0.0 0.0 0.0 0.0 1
0.0 0.0 0.0 0.0 0.0 1
0.0 0.0 0.0 0.0 0.0 1
0.0 0.0 0.0 0.0 0.0 1
0.0 0.0 0.0 0.0 0.0 1
0.0 0.0 0.0 0.0 0.0 1
0.0 0.0 0.0 0.0 0.0 1
0.0 0.0 0.0 0.0 0.0 1
0.0 0.0 0.0 0.0 0.0 1
0.0 0.0 0.0 0.0 0.0 1
0.0 0.0 0.0 0.0 0.0 1
0.0 0.0 0.0 0.0 0.0 1
0.0 0.0 0.0 0.0 0.0 1
0.0 0.0 0.0 0.0 0.0 1
0.0 0.0 0.0 0.0 0.0 1
0.0 0.0 0.0 0.0 0.0 1
0.0 0.0 0.0 0.0 0.0 1
0.0 0.0 0.0 0.0 0.0 1
0.0 0.0 0.0 0.0 0.0 1
0.0 0.0 0.0 0.0 0.0 1
0.0 0.0 0.0 0.0 0.0 1
0.0 0.0 0.0 0.0 0.0 1
0.0 0.0 0.0 0.0 0.0 1
0.0 0.0 0.0 0.0 0.0 1
0.0 0.0 0.0 0.0 0.0 1
0.0 0.0 0.0 0.0 0.0 1
0.0 0.0 0.0 0.0 0.0 1
0.0 0.0 0.0 0.0 0.0 1
0.0 0.0 0.0 0.0 0.0 1
0.0 0.0 0.0 0.0 0.0 1
0.0 0.0 0.0 0.0 0.0 1
0.0 0.0 0.0 0.0 0.0 1
0.0 0.0 0.0 0.0 0.0 1
0.0 0.0 0.0 0.0 0.0 1
0.0 0.0 0.0 0.0 0.0 1
0.0 0.0 0.0 0.0 0.0 1
0.0 0.0 0.0 0.0 0.0 1
0.0 0.0 0.0 0.0 0.0 1
0.0 0.0 0.0 0.0 0.0 1
0.0 0.0 0.0 0.0 0.0 1
0.0 0.0 0.0 0.0 0.0 1
0.0 0.0 0.0 0.0 0.0 1
0.0 0.0 0.0 0.0 0.0 1
0.0 0.0 0.0 0.0 0.0 1
0.0 0.0 0.0 0.0 0.0 1
0.0 0.0 0.0 0.0 0.0 1
0.0 0.0 0.0 0.0 0.0 1
0.0 0.0 0.0 0.0 0.0 1
0.0 0.0 0.0 0.0 0.0 1
0.0 0.0 0.0 0.0 0.0 1
0.0 0.0 0.0 0.0 0.0 1
0.0 0.0 0.0 0.0 0.0 1
0.0 0.0 0.0 4.0 0.0 1
2.0 0.6666666666666666 1.4426950408889634 6.0 0.5 1
0.0 0.0 0.0 12.0 0.0 1
0.0 0.0 0.0 0.0 0.0 1
0.0 0.0 0.0 0.0 0.0 1
0.0 0.0 0.0 8.0 0.0 1
0.0 0.0 0.0 0.0 0.0 1
0.0 0.0 0.0 0.0 0.0 1
0.0 0.0 0.0 0.0 0.0 1
0.0 0.0 0.0 0.0 0.0 1
0.0 0.0 0.0 0.0 0.0 1
0.0 0.0 0.0 0.0 0.0 1
0.0 0.0 0.0 0.0 0.0 1
0.0 0.0 0.0 0.0 0.0 1
0.0 0.0 0.0 0.0 0.0 1
0.0 0.0 0.0 0.0 0.0 1
0.0 0.0 0.0 0.0 0.0 1
0.0 0.0 0.0 0.0 0.0 1
0.0 0.0 0.0 0.0 0.0 1
0.0 0.0 0.0 0.0 0.0 1
0.0 0.0 0.0 0.0 0.0 1
0.0 0.0 0.0 0.0 0.0 1
0.0 0.0 0.0 0.0 0.0 1
0.0 0.0 0.0 0.0 0.0 1
0.0 0.0 0.0 0.0 0.0 1
1.0 0.5 0.0 2.0 1.0 1
0.0 0.0 0.0 0.0 0.0 1
0.0 0.0 0.0 0.0 0.0 1
0.0 0.0 0.0 0.0 0.0 1
0.0 0.0 0.0 0.0 0.0 1
0.0 0.0 0.0 0.0 0.0 1
0.0 0.0 0.0 0.0 0.0 1
0.0 0.0 0.0 0.0 0.0 1
0.0 0.0 0.0 0.0 0.0 1
0.0 0.0 0.0 0.0 0.0 1
0.0 0.0 0.0 0.0 0.0 1
0.0 0.0 0.0 0.0 0.0 1
0.0 0.0 0.0 0.0 0.0 1
0.0 0.0 0.0 0.0 0.0 1
0.0 0.0 0.0 0.0 0.0 1
0.0 0.0 0.0 2.0 0.0 1
0.0 0.0 0.0 0.0 0.0 1
0.0 0.0 0.0 0.0 0.0 1
0.0 0.0 0.0 0.0 0.0 1
0.0 0.0 0.0 2.0 0.0 1
0.0 0.0 0.0 2.0 0.0 1
0.0 0.0 0.0 0.0 0.0 1
0.0 0.0 0.0 0.0 0.0 1
0.0 0.0 0.0 0.0 0.0 1
0.0 0.0 0.0 0.0 0.0 1
0.0 0.0 0.0 0.0 0.0 1
0.0 0.0 0.0 0.0 0.0 1
0.0 0.0 0.0 0.0 0.0 1
0.0 0.0 0.0 0.0 0.0 1
0.0 0.0 0.0 0.0 0.0 1
0.0 0.0 0.0 0.0 0.0 1
0.0 0.0 0.0 0.0 0.0 1
0.0 0.0 0.0 0.0 0.0 1
0.0 0.0 0.0 0.0 0.0 1
0.0 0.0 0.0 0.0 0.0 1
0.0 0.0 0.0 0.0 0.0 1
0.0 0.0 0.0 0.0 0.0 1
0.0 0.0 0.0 0.0 0.0 1
0.0 0.0 0.0 0.0 0.0 1
0.0 0.0 0.0 0.0 0.0 1
0.0 0.0 0.0 0.0 0.0 1
0.0 0.0 0.0 0.0 0.0 1
0.0 0.0 0.0 0.0 0.0 1
0.0 0.0 0.0 0.0 0.0 1
0.0 0.0 0.0 0.0 0.0 1
0.0 0.0 0.0 0.0 0.0 1
0.0 0.0 0.0 0.0 0.0 1
0.0 0.0 0.0 0.0 0.0 1
0.0 0.0 0.0 0.0 0.0 1
0.0 0.0 0.0 0.0 0.0 1
0.0 0.0 0.0 0.0 0.0 1
0.0 0.0 0.0 0.0 0.0 1
0.0 0.0 0.0 0.0 0.0 1
0.0 0.0 0.0 0.0 0.0 1
0.0 0.0 0.0 0.0 0.0 1
0.0 0.0 0.0 0.0 0.0 1
0.0 0.0 0.0 0.0 0.0 1
0.0 0.0 0.0 0.0 0.0 1
0.0 0.0 0.0 0.0 0.0 1
1.0 0.3333333333333333 0.0 3.0 1.0 1
0.0 0.0 0.0 0.0 0.0 1
0.0 0.0 0.0 3.0 0.0 1
0.0 0.0 0.0 0.0 0.0 1
0.0 0.0 0.0 0.0 0.0 1
0.0 0.0 0.0 1.0 0.0 1
0.0 0.0 0.0 0.0 0.0 1
0.0 0.0 0.0 0.0 0.0 1
0.0 0.0 0.0 0.0 0.0 1
0.0 0.0 0.0 0.0 0.0 1
0.0 0.0 0.0 0.0 0.0 1
0.0 0.0 0.0 0.0 0.0 1
0.0 0.0 0.0 0.0 0.0 1
0.0 0.0 0.0 0.0 0.0 1
0.0 0.0 0.0 0.0 0.0 1
0.0 0.0 0.0 0.0 0.0 1
0.0 0.0 0.0 0.0 0.0 1
0.0 0.0 0.0 0.0 0.0 1
0.0 0.0 0.0 0.0 0.0 1
0.0 0.0 0.0 0.0 0.0 1
0.0 0.0 0.0 0.0 0.0 1
0.0 0.0 0.0 0.0 0.0 1
0.0 0.0 0.0 0.0 0.0 1
0.0 0.0 0.0 0.0 0.0 1
0.0 0.0 0.0 0.0 0.0 1
0.0 0.0 0.0 0.0 0.0 1
0.0 0.0 0.0 0.0 0.0 1
0.0 0.0 0.0 0.0 0.0 1
0.0 0.0 0.0 0.0 0.0 1
1.0 0.5 0.0 2.0 1.0 1
0.0 0.0 0.0 0.0 0.0 1
0.0 0.0 0.0 0.0 0.0 1
0.0 0.0 0.0 0.0 0.0 1
0.0 0.0 0.0 0.0 0.0 1
0.0 0.0 0.0 0.0 0.0 1
1.0 0.3333333333333333 0.0 4.0 1.0 1
0.0 0.0 0.0 0.0 0.0 1
0.0 0.0 0.0 0.0 0.0 1
0.0 0.0 0.0 0.0 0.0 1
0.0 0.0 0.0 0.0 0.0 1
0.0 0.0 0.0 0.0 0.0 1
0.0 0.0 0.0 0.0 0.0 1
0.0 0.0 0.0 0.0 0.0 1
0.0 0.0 0.0 0.0 0.0 1
0.0 0.0 0.0 0.0 0.0 1
0.0 0.0 0.0 0.0 0.0 1
0.0 0.0 0.0 0.0 0.0 1
0.0 0.0 0.0 0.0 0.0 1
0.0 0.0 0.0 2.0 0.0 1
0.0 0.0 0.0 0.0 0.0 1
