0.0 0.0 0.0 0.0 0.0 0
1.0 0.3333333333333333 0.0 3.0 1.0 0
1.0 0.2 0.0 5.0 1.0 0
0.0 0.0 0.0 0.0 0.0 0
0.0 0.0 0.0 0.0 0.0 0
0.0 0.0 0.0 0.0 0.0 0
0.0 0.0 0.0 0.0 0.0 0
1.0 0.058823529411764705 0.0 17.0 1.0 0
0.0 0.0 0.0 0.0 0.0 0
1.0 0.25 0.0 6.0 1.0 0
3.0 0.75 0.9102392266268373 12.0 0.3333333333333333 0
1.0 0.3333333333333333 0.0 3.0 1.0 0
0.0 0.0 0.0 0.0 0.0 0
0.0 0.0 0.0 0.0 0.0 0
0.0 0.0 0.0 0.0 0.0 0
0.0 0.0 0.0 0.0 0.0 0
0.0 0.0 0.0 0.0 0.0 0
0.0 0.0 0.0 0.0 0.0 0
1.0 0.1111111111111111 0.0 21.0 1.0 0
0.0 0.0 0.0 0.0 0.0 0
4.0 0.5714285714285714 0.7213475204444817 28.0 0.25 0
10.0 0.6666666666666666 0.43429448190325176 156.0 0.1 0
2.0 0.09090909090909091 1.4426950408889634 119.0 0.5 0
0.0 0.0 0.0 0.0 0.0 0
0.0 0.0 0.0 0.0 0.0 0
10.0 0.7142857142857143 0.43429448190325176 143.0 0.1 0
1.0 0.25 0.0 6.0 1.0 0
1.0 0.058823529411764705 0.0 17.0 1.0 0
0.0 0.0 0.0 0.0 0.0 0
0.0 0.0 0.0 0.0 0.0 0
0.0 0.0 0.0 0.0 0.0 0
1.0 0.25 0.0 4.0 1.0 0
0.0 0.0 0.0 0.0 0.0 0
0.0 0.0 0.0 102.0 0.0 0
0.0 0.0 0.0 0.0 0.0 0
0.0 0.0 0.0 0.0 0.0 0
1.0 0.5 0.0 2.0 1.0 0
0.0 0.0 0.0 0.0 0.0 0
0.0 0.0 0.0 6.0 0.0 0
0.0 0.0 0.0 0.0 0.0 0
0.0 0.0 0.0 0.0 0.0 0
0.0 0.0 0.0 0.0 0.0 0
0.0 0.0 0.0 0.0 0.0 0
1.0 0.1111111111111111 0.0 16.0 1.0 0
0.0 0.0 0.0 1.0 0.0 0
0.0 0.0 0.0 0.0 0.0 0
1.0 0.2 0.0 5.0 1.0 0
1.0 0.5 0.0 2.0 1.0 0
4.0 0.36363636363636365 0.7213475204444817 44.0 0.25 0
0.0 0.0 0.0 4.0 0.0 0
0.0 0.0 0.0 0.0 0.0 0
0.0 0.0 0.0 0.0 0.0 0
7.0 0.5 0.5138983423697507 108.0 0.14285714285714285 0
0.0 0.0 0.0 0.0 0.0 0
3.0 0.17647058823529413 0.9102392266268373 51.0 0.3333333333333333 0
0.0 0.0 0.0 0.0 0.0 0
0.0 0.0 0.0 34.0 0.0 0
1.0 0.3333333333333333 0.0 4.0 1.0 0
11.0 0.9166666666666666 0.4170323914242463 132.0 0.09090909090909091 0
0.0 0.0 0.0 0.0 0.0 0
4.0 0.5 0.7213475204444817 32.0 0.25 0
2.0 0.5 1.4426950408889634 8.0 0.5 0
0.0 0.0 0.0 0.0 0.0 0
0.0 0.0 0.0 0.0 0.0 0
0.0 0.0 0.0 0.0 0.0 0
0.0 0.0 0.0 0.0 0.0 0
0.0 0.0 0.0 0.0 0.0 0
0.0 0.0 0.0 1.0 0.0 0
1.0 0.25 0.0 4.0 1.0 0
0.0 0.0 0.0 2.0 0.0 0
0.0 0.0 0.0 0.0 0.0 0
1.0 0.125 0.0 8.0 1.0 0
1.0 0.3333333333333333 0.0 3.0 1.0 0
1.0 0.07692307692307693 0.0 13.0 1.0 0
0.0 0.0 0.0 0.0 0.0 0
0.0 0.0 0.0 0.0 0.0 0
0.0 0.0 0.0 0.0 0.0 0
0.0 0.0 0.0 0.0 0.0 0
0.0 0.0 0.0 0.0 0.0 0
4.0 0.3076923076923077 0.7213475204444817 52.0 0.25 0
2.0 0.5 1.4426950408889634 8.0 0.5 0
0.0 0.0 0.0 0.0 0.0 0
0.0 0.0 0.0 0.0 0.0 0
0.0 0.0 0.0 0.0 0.0 0
0.0 0.0 0.0 0.0 0.0 0
1.0 0.25 0.0 4.0 1.0 0
0.0 0.0 0.0 0.0 0.0 0
2.0 0.6666666666666666 1.4426950408889634 6.0 0.5 0
5.0 0.29411764705882354 0.6213349345596119 85.0 0.2 0
2.0 0.14285714285714285 1.4426950408889634 39.0 0.5 0
0.0 0.0 0.0 0.0 0.0 0
6.0 0.5 0.5581106265512472 77.0 0.16666666666666666 0
1.0 0.25 0.0 6.0 1.0 0
0.0 0.0 0.0 1.0 0.0 0
3.0 0.2727272727272727 0.9102392266268373 33.0 0.3333333333333333 0
0.0 0.0 0.0 0.0 0.0 0
0.0 0.0 0.0 2.0 0.0 0
1.0 0.2 0.0 8.0 1.0 0
0.0 0.0 0.0 0.0 0.0 0
1.0 0.08333333333333333 0.0 22.0 1.0 0
0.0 0.0 0.0 0.0 0.0 0
2.0 0.5 1.4426950408889634 8.0 0.5 0
0.0 0.0 0.0 0.0 0.0 0
0.0 0.0 0.0 0.0 0.0 0
2.0 0.4 1.4426950408889634 12.0 0.5 0
0.0 0.0 0.0 0.0 0.0 0
0.0 0.0 0.0 0.0 0.0 0
0.0 0.0 0.0 0.0 0.0 0
1.0 0.5 0.0 2.0 1.0 0
1.0 0.058823529411764705 0.0 17.0 1.0 0
0.0 0.0 0.0 85.0 0.0 0
9.0 0.45 0.45511961331341866 204.0 0.1111111111111111 0
3.0 0.42857142857142855 0.9102392266268373 21.0 0.3333333333333333 0
0.0 0.0 0.0 0.0 0.0 0
0.0 0.0 0.0 0.0 0.0 0
0.0 0.0 0.0 0.0 0.0 0
1.0 0.5 0.0 2.0 1.0 0
0.0 0.0 0.0 0.0 0.0 0
0.0 0.0 0.0 0.0 0.0 0
0.0 0.0 0.0 1.0 0.0 0
1.0 0.3333333333333333 0.0 3.0 1.0 0
0.0 0.0 0.0 0.0 0.0 0
0.0 0.0 0.0 0.0 0.0 0
0.0 0.0 0.0 12.0 0.0 0
0.0 0.0 0.0 0.0 0.0 0
0.0 0.0 0.0 1.0 0.0 0
4.0 0.3333333333333333 0.7213475204444817 48.0 0.25 0
0.0 0.0 0.0 2.0 0.0 0
1.0 0.3333333333333333 0.0 4.0 1.0 0
0.0 0.0 0.0 0.0 0.0 0
5.0 0.7142857142857143 0.6213349345596119 35.0 0.2 0
6.0 0.6666666666666666 0.5581106265512472 56.0 0.16666666666666666 0
1.0 0.5 0.0 2.0 1.0 0
0.0 0.0 0.0 0.0 0.0 0
0.0 0.0 0.0 0.0 0.0 0
0.0 0.0 0.0 0.0 0.0 0
0.0 0.0 0.0 0.0 0.0 0
0.0 0.0 0.0 0.0 0.0 0
1.0 0.2 0.0 5.0 1.0 0
0.0 0.0 0.0 1.0 0.0 0
7.0 0.4666666666666667 0.5138983423697507 117.0 0.14285714285714285 0
0.0 0.0 0.0 0.0 0.0 0
0.0 0.0 0.0 0.0 0.0 0
0.0 0.0 0.0 0.0 0.0 0
1.0 0.14285714285714285 0.0 7.0 1.0 0
0.0 0.0 0.0 0.0 0.0 0
0.0 0.0 0.0 0.0 0.0 0
1.0 0.1111111111111111 0.0 9.0 1.0 0
1.0 0.5 0.0 2.0 1.0 0
1.0 0.2 0.0 8.0 1.0 0
1.0 0.2 0.0 8.0 1.0 0
4.0 0.4444444444444444 0.7213475204444817 36.0 0.25 0
8.0 0.47058823529411764 0.48089834696298783 136.0 0.125 0
3.0 0.75 0.9102392266268373 12.0 0.3333333333333333 0
2.0 0.6666666666666666 1.4426950408889634 6.0 0.5 0
0.0 0.0 0.0 0.0 0.0 0
0.0 0.0 0.0 0.0 0.0 0
0.0 0.0 0.0 0.0 0.0 0
0.0 0.0 0.0 8.0 0.0 0
0.0 0.0 0.0 6.0 0.0 0
5.0 0.625 0.6213349345596119 40.0 0.2 0
0.0 0.0 0.0 0.0 0.0 0
0.0 0.0 0.0 0.0 0.0 0
0.0 0.0 0.0 0.0 0.0 0
4.0 0.6666666666666666 0.7213475204444817 24.0 0.25 0
1.0 0.5 0.0 2.0 1.0 0
0.0 0.0 0.0 0.0 0.0 0
0.0 0.0 0.0 0.0 0.0 0
1.0 0.5 0.0 2.0 1.0 0
0.0 0.0 0.0 0.0 0.0 0
1.0 0.2 0.0 8.0 1.0 0
0.0 0.0 0.0 0.0 0.0 0
4.0 0.23529411764705882 0.7213475204444817 68.0 0.25 0
0.0 0.0 0.0 0.0 0.0 0
0.0 0.0 0.0 0.0 0.0 0
3.0 0.6 0.9102392266268373 16.0 0.3333333333333333 0
0.0 0.0 0.0 0.0 0.0 0
0.0 0.0 0.0 12.0 0.0 0
0.0 0.0 0.0 0.0 0.0 0
1.0 0.07692307692307693 0.0 13.0 1.0 0
2.0 0.13333333333333333 1.4426950408889634 52.0 0.5 0
1.0 0.5 0.0 2.0 1.0 0
1.0 0.16666666666666666 0.0 10.0 1.0 0
0.0 0.0 0.0 0.0 0.0 0
0.0 0.0 0.0 1.0 0.0 0
8.0 0.7272727272727273 0.48089834696298783 88.0 0.125 0
0.0 0.0 0.0 0.0 0.0 0
0.0 0.0 0.0 0.0 0.0 0
0.0 0.0 0.0 15.0 0.0 0
1.0 0.07692307692307693 0.0 24.0 1.0 0
0.0 0.0 0.0 0.0 0.0 0
0.0 0.0 0.0 0.0 0.0 0
0.0 0.0 0.0 3.0 0.0 0
1.0 0.05555555555555555 0.0 34.0 1.0 0
3.0 0.23076923076923078 0.9102392266268373 39.0 0.3333333333333333 0
1.0 0.14285714285714285 0.0 7.0 1.0 0
0.0 0.0 0.0 0.0 0.0 0
1.0 0.14285714285714285 0.0 12.0 1.0 0
1.0 0.25 0.0 4.0 1.0 0
0.0 0.0 0.0 0.0 0.0 0
0.0 0.0 0.0 0.0 0.0 0
1.0 0.5 0.0 2.0 1.0 0
0.0 0.0 0.0 0.0 0.0 0
9.0 0.47368421052631576 0.45511961331341866 187.0 0.1111111111111111 0
1.0 0.14285714285714285 0.0 15.0 1.0 0
0.0 0.0 0.0 0.0 0.0 0
1.0 0.16666666666666666 0.0 6.0 1.0 0
0.0 0.0 0.0 0.0 0.0 0
0.0 0.0 0.0 0.0 0.0 0
0.0 0.0 0.0 4.0 0.0 0
0.0 0.0 0.0 0.0 0.0 0
0.0 0.0 0.0 0.0 0.0 0
1.0 0.08333333333333333 0.0 12.0 1.0 0
0.0 0.0 0.0 2.0 0.0 0
2.0 0.6666666666666666 1.4426950408889634 6.0 0.5 0
0.0 0.0 0.0 0.0 0.0 0
6.0 0.46153846153846156 0.5581106265512472 84.0 0.16666666666666666 0
0.0 0.0 0.0 0.0 0.0 0
1.0 0.3333333333333333 0.0 3.0 1.0 0
0.0 0.0 0.0 0.0 0.0 0
0.0 0.0 0.0 0.0 0.0 0
5.0 0.45454545454545453 0.6213349345596119 55.0 0.2 0
0.0 0.0 0.0 0.0 0.0 0
0.0 0.0 0.0 0.0 0.0 0
0.0 0.0 0.0 0.0 0.0 0
0.0 0.0 0.0 0.0 0.0 0
2.0 0.5 1.4426950408889634 8.0 0.5 0
1.0 0.5 0.0 2.0 1.0 0
1.0 0.1 0.0 18.0 1.0 0
0.0 0.0 0.0 0.0 0.0 0
1.0 0.14285714285714285 0.0 7.0 1.0 0
1.0 0.5 0.0 2.0 1.0 0
0.0 0.0 0.0 2.0 0.0 0
0.0 0.0 0.0 0.0 0.0 0
0.0 0.0 0.0 0.0 0.0 0
0.0 0.0 0.0 0.0 0.0 0
7.0 0.5384615384615384 0.5138983423697507 99.0 0.14285714285714285 0
1.0 0.3333333333333333 0.0 3.0 1.0 0
1.0 0.2 0.0 8.0 1.0 0
2.0 0.11764705882352941 1.4426950408889634 78.0 0.5 0
0.0 0.0 0.0 0.0 0.0 0
0.0 0.0 0.0 0.0 0.0 0
5.0 0.5555555555555556 0.6213349345596119 45.0 0.2 0
0.0 0.0 0.0 6.0 0.0 0
0.0 0.0 0.0 0.0 0.0 0
1.0 0.25 0.0 4.0 1.0 0
3.0 0.75 0.9102392266268373 12.0 0.3333333333333333 0
0.0 0.0 0.0 0.0 0.0 0
0.0 0.0 0.0 0.0 0.0 0
6.0 0.3333333333333333 0.5581106265512472 119.0 0.16666666666666666 0
0.0 0.0 0.0 0.0 0.0 0
1.0 0.5 0.0 2.0 1.0 0
1.0 0.25 0.0 4.0 1.0 0
0.0 0.0 0.0 0.0 0.0 0
0.0 0.0 0.0 0.0 0.0 0
0.0 0.0 0.0 1.0 0.0 0
0.0 0.0 0.0 0.0 0.0 0
0.0 0.0 0.0 9.0 0.0 0
1.0 0.3333333333333333 0.0 4.0 1.0 0
0.0 0.0 0.0 0.0 0.0 0
3.0 0.3333333333333333 0.9102392266268373 27.0 0.3333333333333333 0
0.0 0.0 0.0 0.0 0.0 0
0.0 0.0 0.0 1.0 0.0 0
9.0 0.42857142857142855 0.45511961331341866 221.0 0.1111111111111111 0
0.0 0.0 0.0 0.0 0.0 0
0.0 0.0 0.0 0.0 0.0 0
5.0 0.4166666666666667 0.6213349345596119 60.0 0.2 0
0.0 0.0 0.0 8.0 0.0 0
0.0 0.0 0.0 0.0 0.0 0
0.0 0.0 0.0 0.0 0.0 0
0.0 0.0 0.0 0.0 0.0 0
1.0 0.058823529411764705 0.0 17.0 1.0 0
0.0 0.0 0.0 0.0 0.0 0
3.0 0.6 0.9102392266268373 15.0 0.3333333333333333 0
0.0 0.0 0.0 0.0 0.0 0
0.0 0.0 0.0 0.0 0.0 0
0.0 0.0 0.0 1.0 0.0 0
0.0 0.0 0.0 2.0 0.0 0
0.0 0.0 0.0 0.0 0.0 0
1.0 0.5 0.0 2.0 1.0 0
2.0 0.5 1.4426950408889634 8.0 0.5 0
0.0 0.0 0.0 4.0 0.0 0
0.0 0.0 0.0 0.0 0.0 0
3.0 0.25 0.9102392266268373 36.0 0.3333333333333333 0
0.0 0.0 0.0 15.0 0.0 0
0.0 0.0 0.0 0.0 0.0 0
0.0 0.0 0.0 0.0 0.0 0
0.0 0.0 0.0 12.0 0.0 0
8.0 0.6153846153846154 0.48089834696298783 104.0 0.125 0
0.0 0.0 0.0 0.0 0.0 0
0.0 0.0 0.0 0.0 0.0 0
0.0 0.0 0.0 0.0 0.0 0
6.0 0.6 0.5581106265512472 63.0 0.16666666666666666 0
1.0 0.5 0.0 2.0 1.0 0
0.0 0.0 0.0 0.0 0.0 0
0.0 0.0 0.0 0.0 0.0 0
3.0 0.6 0.9102392266268373 16.0 0.3333333333333333 0
0.0 0.0 0.0 0.0 0.0 0
1.0 0.25 0.0 6.0 1.0 0
1.0 0.07142857142857142 0.0 26.0 1.0 0
0.0 0.0 0.0 0.0 0.0 0
0.0 0.0 0.0 0.0 0.0 0
0.0 0.0 0.0 0.0 0.0 0
0.0 0.0 0.0 0.0 0.0 0
1.0 0.25 0.0 4.0 1.0 0
1.0 0.5 0.0 2.0 1.0 0
4.0 0.8 0.7213475204444817 20.0 0.25 0
0.0 0.0 0.0 0.0 0.0 0
5.0 0.38461538461538464 0.6213349345596119 65.0 0.2 0
1.0 0.5 0.0 2.0 1.0 0
0.0 0.0 0.0 0.0 0.0 0
0.0 0.0 0.0 0.0 0.0 0
1.0 0.09090909090909091 0.0 11.0 1.0 0
1.0 0.5 0.0 2.0 1.0 0
3.0 0.375 0.9102392266268373 24.0 0.3333333333333333 0
0.0 0.0 0.0 0.0 0.0 0
0.0 0.0 0.0 0.0 0.0 0
0.0 0.0 0.0 0.0 0.0 0
0.0 0.0 0.0 0.0 0.0 0
3.0 0.5 0.9102392266268373 18.0 0.3333333333333333 0
0.0 0.0 0.0 0.0 0.0 0
7.0 0.7 0.5138983423697507 72.0 0.14285714285714285 0
0.0 0.0 0.0 0.0 0.0 0
0.0 0.0 0.0 0.0 0.0 0
0.0 0.0 0.0 6.0 0.0 0
0.0 0.0 0.0 0.0 0.0 0
1.0 0.3333333333333333 0.0 3.0 1.0 0
0.0 0.0 0.0 0.0 0.0 0
1.0 0.5 0.0 2.0 1.0 0
0.0 0.0 0.0 0.0 0.0 0
0.0 0.0 0.0 0.0 0.0 0
0.0 0.0 0.0 0.0 0.0 0
0.0 0.0 0.0 0.0 0.0 0
1.0 0.25 0.0 4.0 1.0 0
0.0 0.0 0.0 0.0 0.0 0
0.0 0.0 0.0 2.0 0.0 0
1.0 0.125 0.0 14.0 1.0 0
0.0 0.0 0.0 0.0 0.0 0
0.0 0.0 0.0 0.0 0.0 0
0.0 0.0 0.0 0.0 0.0 0
2.0 0.5 1.4426950408889634 8.0 0.5 0
9.0 0.5294117647058824 0.45511961331341866 153.0 0.1111111111111111 0
6.0 0.42857142857142855 0.5581106265512472 91.0 0.16666666666666666 0
2.0 0.6666666666666666 1.4426950408889634 6.0 0.5 0
0.0 0.0 0.0 0.0 0.0 0
0.0 0.0 0.0 2.0 0.0 0
0.0 0.0 0.0 0.0 0.0 0
2.0 0.5 1.4426950408889634 8.0 0.5 0
3.0 0.75 0.9102392266268373 12.0 0.3333333333333333 0
0.0 0.0 0.0 0.0 0.0 0
1.0 0.5 0.0 2.0 1.0 0
0.0 0.0 0.0 0.0 0.0 0
0.0 0.0 0.0 1.0 0.0 0
0.0 0.0 0.0 0.0 0.0 0
0.0 0.0 0.0 0.0 0.0 0
1.0 0.05263157894736842 0.0 51.0 1.0 0
0.0 0.0 0.0 0.0 0.0 0
0.0 0.0 0.0 1.0 0.0 0
1.0 0.5 0.0 2.0 1.0 0
8.0 0.6666666666666666 0.48089834696298783 96.0 0.125 0
1.0 0.1111111111111111 0.0 9.0 1.0 0
0.0 0.0 0.0 0.0 0.0 0
0.0 0.0 0.0 8.0 0.0 0
2.0 0.2857142857142857 1.4426950408889634 14.0 0.5 0
0.0 0.0 0.0 25.0 0.0 0
0.0 0.0 0.0 0.0 0.0 0
0.0 0.0 0.0 0.0 0.0 0
0.0 0.0 0.0 2.0 0.0 0
0.0 0.0 0.0 2.0 0.0 0
0.0 0.0 0.0 0.0 0.0 0
0.0 0.0 0.0 0.0 0.0 0
0.0 0.0 0.0 0.0 0.0 0
0.0 0.0 0.0 0.0 0.0 0
1.0 0.5 0.0 2.0 1.0 0
1.0 0.25 0.0 4.0 1.0 0
1.0 0.5 0.0 2.0 1.0 0
