0 1
0 2
1 2
4 11
10 53
10 61
10 368
10 369
11 35
11 105
27 138
27 264
29 348
29 364
35 39
61 274
61 426
72 98
74 94
74 102
74 206
94 102
96 138
105 437
122 304
123 294
134 265
134 473
134 474
134 703
135 672
136 280
138 232
138 354
138 407
138 426
138 711
138 834
139 153
139 154
147 188
147 353
147 354
147 386
147 414
147 496
147 633
147 742
147 743
147 744
147 833
147 849
148 149
148 214
148 215
148 235
148 354
148 624
148 671
149 300
149 354
149 477
152 336
153 154
154 553
154 573
158 159
172 183
172 184
178 260
178 632
178 943
178 976
181 548
181 621
183 184
188 353
188 354
188 386
188 414
188 496
188 633
188 742
188 743
188 744
188 833
188 849
189 200
200 368
214 215
214 235
215 235
216 217
216 218
218 303
223 676
232 251
232 407
236 237
238 239
238 240
239 240
247 286
247 351
247 352
247 353
247 403
247 449
255 326
258 368
259 260
259 371
259 405
260 632
260 873
260 943
260 976
265 266
265 473
265 474
268 313
268 314
269 750
270 483
270 485
270 654
271 272
271 273
272 273
274 407
276 277
276 354
276 499
276 701
276 759
281 282
281 323
282 323
287 288
293 294
309 318
309 319
309 320
309 321
313 314
318 319
318 320
318 321
318 957
319 320
319 321
320 321
324 333
336 359
338 438
338 529
338 611
338 612
338 633
348 364
351 352
351 353
351 403
351 449
352 353
352 403
352 449
353 354
353 386
353 403
353 414
353 449
353 496
353 633
353 742
353 743
353 744
353 808
353 833
353 849
354 356
354 386
354 414
354 476
354 477
354 478
354 496
354 624
354 633
354 671
354 742
354 743
354 744
354 757
354 833
354 849
354 906
356 386
359 360
360 798
368 369
381 382
386 414
386 496
386 633
386 742
386 743
386 744
386 833
386 849
403 449
414 476
414 478
414 496
414 633
414 742
414 743
414 744
414 833
414 849
426 880
428 440
433 477
433 630
433 700
433 925
438 551
438 633
438 987
442 835
454 678
460 702
468 469
473 474
473 703
474 703
476 478
477 700
477 892
481 601
481 602
481 783
481 833
482 483
482 484
482 605
482 606
483 484
483 605
483 606
484 605
484 606
485 918
485 919
485 920
485 921
492 493
492 729
493 729
496 497
496 633
496 742
496 743
496 744
496 833
496 849
499 701
506 507
506 508
506 509
507 508
507 509
508 509
512 661
518 581
529 886
529 967
529 968
537 665
541 542
543 697
545 546
545 547
546 547
548 621
548 652
550 623
550 833
551 779
551 987
553 573
564 755
566 567
572 624
584 585
599 807
601 602
601 975
605 606
611 612
618 684
624 671
630 700
632 943
632 976
633 742
633 743
633 744
633 833
633 849
635 679
635 975
636 637
652 880
661 702
665 847
668 669
676 820
676 975
678 977
682 708
682 768
689 710
728 824
728 825
734 808
742 743
742 744
742 833
742 849
743 744
743 833
743 849
744 849
751 893
755 756
755 768
760 799
760 856
761 854
761 855
764 765
786 900
799 856
820 975
822 823
824 825
833 849
833 975
834 955
854 855
876 877
880 986
885 953
913 914
918 919
918 920
918 921
919 920
919 921
920 921
941 942
941 943
941 959
942 943
942 959
943 959
943 976
957 958
967 968
983 984
983 985
984 985
997 998
997 999
998 999
